1,0,0,3, | 3  noun;verb
1,1,2,3, | 7 => 3
1,3,4,3, | 11 => 3
1,5,0,3, | 15 => 3
2,1,13,19, | 19
1,9,19,23, | 23
2,13,23,27, | 27
2,27,13,31, | 31
2,31,10,35, | 35
1,6,35,39, | 39
1,5,39,43, | 43
1,10,43,47, | 47
1,5,47,51, | 51
1,13,51,55, | 55
2,55,9,59, | 59
1,6,59,63, | 63
1,13,63,67, | 67
1,6,67,71, | 71
1,71,10,75, | 75
2,13,75,79, | 79
1,5,79,83, | 83
2,83,6,87, | 87
1,6,87,91, | 91
1,91,13,95, | 95
1,95,13,99, | 99
2,99,13,103, | 103
1,103,5,107, | 107
2,107,10,111, | 111
1,5,111,115, | 115
1,2,115,119, | 119
1,119,6,0,
99,
2,0,14,0
